1 0
2 1
3 2
4 3
5 4
5 4
6 4
6 4
7 5
8 6
9 6
10 7
11 8
12 9
13 9
14 10
15 11
16 12
17 13
18 13
19 14
20 15
21 16
22 16
22 16
23 17
24 18
25 18
26 18
27 19
28 20
29 21
30 21
31 22
32 22
33 23
34 24
35 25
36 26
37 27
38 28
39 29
40 30
41 31
42 32
43 33
44 34
45 35
46 36
47 37
48 38
49 38
50 39
51 40
52 41
53 42
54 43
55 43
56 44
57 45
58 45
59 46
60 47
61 48
62 49
63 50
64 51
65 52
66 53
67 54
68 55
69 56
70 57
71 58
72 59
73 60
74 61
75 62
76 62
77 63
78 64
79 64
80 64
81 65
82 66
83 67
84 68
85 69
86 70
87 71
88 72
89 73
90 74
91 75
92 76
93 77
94 78
95 79
96 80
97 80
