1 1
2 1
3 2
4 3
5 4
6 5
7 6
8 7
8 7
9 8
10 9
11 10
12 11
13 11
14 12
14 12
15 12
16 13
17 14
18 15
19 16
20 17
21 18
22 19
23 19
24 20
25 21
25 21
26 22
27 23
28 24
29 25
30 26
31 27
32 28
33 29
34 30
35 31
36 32
37 33
38 33
39 33
40 34
41 35
42 36
43 37
44 37
45 38
46 38
47 39
48 39
49 40
50 40
51 41
52 42
53 43
53 43
54 44
55 45
56 45
57 46
58 47
59 47
60 48
61 49
62 50
63 51
64 51
65 51
65 51
66 52
67 53
68 54
69 55
70 56
71 57
72 58
73 59
74 60
75 61
76 62
77 63
78 64
79 65
80 65
81 66
82 66
83 67
84 68
85 69
86 70
87 71
88 72
89 73
90 74
91 75
92 76
93 77
94 78
95 79
