1 1
2 1
3 2
4 3
5 4
6 5
7 6
8 7
9 8
10 9
11 10
12 11
13 12
14 13
15 14
15 14
16 15
17 16
18 16
19 16
20 16
21 16
22 17
23 17
24 17
25 18
26 19
27 20
28 21
29 22
30 22
31 23
32 24
33 25
34 26
35 26
36 27
37 28
38 29
39 30
40 31
41 32
42 33
43 33
44 34
45 35
46 36
47 37
48 38
49 39
49 39
50 40
51 41
52 42
53 42
54 42
55 43
56 44
57 45
58 46
59 47
60 48
61 49
62 50
63 51
64 52
65 52
66 53
67 54
68 55
69 56
70 57
71 58
72 59
73 59
74 60
75 61
76 62
77 62
78 63
79 64
80 65
81 66
82 67
83 67
84 68
85 69
86 69
87 70
88 71
89 71
90 72
91 73
92 74
93 75
94 75
94 75
95 76
96 77
97 78
