INCORRECT IMPLEMENTAION OF EVAL_JACCARD
1 0
2 0
3 0
4 0
5 1
6 2
7 3
8 4
9 5
10 6
11 7
12 8
13 9
14 10
15 11
16 12
17 13
18 14
19 15
20 16
21 17
22 18
23 18
24 19
25 19
26 20
27 21
28 22
29 23
30 24
31 25
32 26
33 27
34 28
35 29
36 30
37 31
38 32
39 33
40 34
41 35
42 35
43 36
44 37
45 38
46 39
47 40
48 41
49 42
50 43
51 44
52 45
53 46
54 47
55 48
56 48
57 49
58 50
59 51
60 52
61 53
62 54
63 55
64 56
65 57
66 58
67 59
68 60
69 61
70 62
71 62
72 63
73 64
74 65
75 66
76 67
77 68
78 69
79 70
80 70
81 71
82 72
83 73
84 74
85 74
86 75
87 76
88 77
89 78
90 79
91 80
92 81
93 81
93 81
94 81
95 82
96 83
97 83
98 84
99 84
