1 0
2 0
3 0
4 1
5 1
6 2
7 3
8 3
9 4
10 5
11 6
12 7
13 8
14 9
14 9
15 10
16 11
17 11
18 12
19 13
20 14
21 14
22 15
23 16
24 17
25 17
26 18
27 19
28 20
29 21
30 22
31 23
32 24
33 25
34 26
35 27
36 28
37 29
38 30
39 31
40 32
41 33
42 34
43 35
44 35
45 36
46 37
47 38
48 39
48 39
49 40
50 41
51 42
52 43
53 44
54 45
55 46
56 47
57 48
58 49
59 49
60 50
61 50
62 50
63 50
64 50
65 51
65 51
66 52
67 52
68 53
69 54
70 55
71 56
72 57
73 57
74 58
75 59
76 60
77 61
78 61
79 61
80 61
81 62
82 62
83 63
84 63
85 63
86 63
87 64
88 65
89 66
90 67
91 68
92 69
93 70
94 71
95 72
96 72
97 73
