1 0
2 0
3 0
4 1
5 2
6 3
7 3
8 3
9 4
10 4
11 5
12 5
13 5
14 6
15 6
16 7
17 7
18 8
19 8
20 9
21 9
22 10
23 10
24 11
25 11
26 12
27 13
28 14
29 14
30 15
31 15
32 16
33 17
34 18
35 19
36 20
37 21
37 21
38 21
39 21
40 22
41 22
42 23
43 24
44 25
45 25
46 26
47 27
48 27
49 28
49 28
50 29
51 29
52 30
53 30
54 30
55 30
55 30
56 30
57 31
58 31
59 31
60 31
61 32
62 33
63 34
64 35
65 36
66 37
67 38
68 39
69 40
70 41
71 42
72 43
73 44
74 45
75 45
75 45
76 46
77 47
78 48
79 48
80 49
81 49
82 50
83 51
84 52
85 52
86 52
87 52
88 52
89 52
90 52
91 52
92 52
93 52
94 53
95 53
96 53
